0
0
1
0
2
1
2
3
1
2
4
3
0
5
3
4
4
6
3
0
6
3
3
5
7
6
8
5
7
6
5
7
1
9
8
8
4
4
7
9
2
10
2
8
1
11
9
11
12
10
6
10
9
11
4
13
0
12
12
13
2
14
4
7
12
15
14
10
12
15
14
16
13
17
1
5
13
8
18
16
19
20
10
16
17
18
5
19
17
14
13
20
9
15
18
10
15
9
14
21
11
5
22
19
22
20
0
22
23
8
17
6
11
23
19
24
21
19
20
15
22
24
21
25
20
25
21
26
25
24
23
24
18
27
16
26
2
19
24
4
21
27
16
27
28
29
5
14
29
27
28
12
10
30
26
31
31
32
15
5
33
16
27
22
27
30
21
32
5
28
20
20
17
31
23
9
8
25
32
34
35
19
29
31
32
26
30
22
34
35
28
33
33
30
22
36
31
19
37
33
33
6
2
4
32
36
18
34
37
11
26
11
30
38
37
18
18
33
38
29
37
29
32
38
28
39
23
12
40
34
41
39
40
25
39
37
10
42
42
34
35
38
41
36
36
40
35
39
38
40
36
27
32
26
14
11
43
43
8
1
41
44
40
14
34
45
7
44
15
35
41
16
44
43
46
16
47
27
39
42
45
47
45
28
45
43
35
1
46
40
43
36
3
31
48
37
36
49
50
31
6
45
46
36
48
50
46
42
17
49
3
44
48
49
50
24
47
51
26
52
47
13
34
7
38
49
43
24
48
43
53
39
50
50
47
20
29
17
51
42
28
53
25
47
44
35
54
52
46
52
17
11
53
13
54
23
17
51
23
48
53
12
41
32
46
12
55
52
48
56
51
24
54
56
18
57
21
29
49
56
55
57
38
52
58
27
57
58
53
59
53
27
60
44
59
61
3
49
62
47
51
56
44
59
30
39
7
58
52
48
57
29
26
61
30
58
41
55
54
40
52
48
62
58
41
48
60
33
14
55
63
33
55
64
59
49
57
62
49
50
37
44
38
62
56
62
20
0
2
22
42
54
63
59
25
56
63
64
58
7
65
35
64
60
15
28
66
45
65
45
46
67
68
63
69
57
61
70
50
61
65
65
60
8
66
61
6
67
68
19
69
60
70
70
66
67
68
13
58
69
26
58
47
51
69
67
64
61
46
69
71
36
72
22
55
71
68
73
66
73
74
71
75
60
21
75
39
70
70
72
74
31
67
58
73
68
23
47
72
71
0
71
66
66
76
6
75
77
62
69
35
31
41
64
64
78
64
72
63
76
70
73
79
67
23
68
9
77
56
76
76
55
28
72
80
70
74
65
57
62
73
68
73
79
54
78
81
80
77
30
47
59
82
81
64
83
84
63
51
76
79
74
1
8
85
75
63
78
82
83
85
67
77
66
81
54
81
45
77
15
84
81
82
78
84
81
72
83
80
85
75
60
79
84
79
86
65
83
86
70
78
87
86
82
80
77
59
86
87
56
25
32
74
88
71
87
84
88
82
88
51
74
83
43
89
75
85
89
90
91
87
54
88
90
52
83
85
79
87
78
76
83
66
49
91
89
75
92
5
91
60
93
90
10
34
90
91
90
59
40
84
20
25
72
71
92
43
93
90
92
65
37
94
94
92
88
95
67
94
95
96
92
93
89
81
80
41
96
94
85
82
97
98
76
89
96
72
98
69
82
95
80
94
68
96
60
95
99
83
97
78
9
93
88
97
42
97
95
98
100
91
85
100
95
99
99
76
48
65
100
96
56
99
91
101
97
102
103
98
76
101
80
93
61
94
104
86
105
101
81
13
47
102
73
97
103
39
37
33
80
63
105
88
74
93
16
103
104
89
103
3
96
106
79
102
101
100
101
87
69
22
102
77
73
104
97
93
105
85
105
107
88
56
44
104
53
86
7
108
107
108
102
94
61
106
98
79
108
107
105
99
106
109
90
110
109
31
20
100
42
92
91
107
110
71
111
112
113
77
104
50
86
49
110
114
112
104
109
115
108
57
52
111
113
105
106
69
114
112
99
101
103
102
98
108
111
100
106
111
112
109
115
88
116
70
109
44
34
117
118
113
92
49
117
93
108
95
96
89
114
98
101
114
114
49
118
102
103
99
89
37
16
84
119
98
116
1
119
115
115
104
108
111
112
35
117
120
120
18
97
116
21
119
114
119
121
121
116
82
55
106
109
117
81
120
117
113
96
122
123
123
82
120
118
107
29
103
121
40
78
75
80
120
122
91
124
108
15
122
107
103
125
87
123
92
85
118
118
124
125
114
126
123
84
116
126
127
50
121
122
113
128
110
99
52
125
126
128
125
129
77
102
17
127
113
121
124
130
24
72
100
19
67
47
87
122
64
100
109
119
129
130
86
131
115
41
36
128
96
18
130
110
118
129
113
122
74
126
120
126
65
124
127
127
38
121
128
113
75
131
129
116
132
110
58
132
86
115
132
124
87
133
133
112
110
134
133
128
111
127
119
72
108
123
134
95
131
127
40
128
62
126
81
129
62
134
63
59
68
117
98
90
79
105
130
105
135
130
131
130
72
136
116
67
66
137
134
135
45
129
116
136
138
135
131
132
125
138
139
113
30
46
133
107
58
133
118
135
138
137
71
53
115
42
136
136
40
33
139
71
117
137
140
138
106
111
79
141
132
136
131
142
122
139
112
121
120
126
140
142
138
138
143
74
143
143
136
117
143
141
144
127
140
141
137
25
144
145
141
93
128
23
127
144
145
146
124
145
146
134
147
135
142
137
119
63
140
40
138
139
134
142
147
86
118
61
141
127
135
74
140
144
75
145
146
148
56
124
130
90
146
149
135
147
150
148
145
143
123
101
116
142
106
129
102
140
151
130
115
151
149
152
65
150
133
134
84
43
153
137
54
154
136
139
148
150
139
112
29
138
35
150
92
147
126
3
125
149
148
152
147
11
145
152
155
124
152
149
1
154
153
156
94
151
146
157
155
152
107
55
139
154
110
8
114
157
148
99
158
153
159
153
143
104
141
141
128
145
110
138
119
147
142
158
152
105
149
155
21
156
132
144
132
160
151
107
54
133
122
157
158
121
155
142
148
70
154
112
77
132
129
156
103
144
145
156
157
144
125
155
89
134
148
154
161
146
159
159
160
158
156
114
149
147
59
24
160
133
160
162
150
158
161
162
109
163
163
161
157
154
164
148
153
93
162
165
165
149
20
158
158
125
147
7
165
123
111
119
159
155
28
166
94
150
91
165
144
161
163
160
145
167
147
165
48
83
151
167
166
97
164
157
160
13
61
162
164
151
153
168
168
161
130
167
160
159
163
98
137
117
121
141
13
164
169
164
155
106
170
162
171
165
155
145
168
166
122
100
140
170
168
140
156
164
167
171
169
69
169
170
163
172
90
153
151
169
172
109
87
82
168
164
170
131
170
169
171
171
143
173
60
117
168
173
174
154
99
174
73
69
146
134
172
135
74
173
150
157
174
170
167
175
176
166
176
174
177
74
84
175
156
177
113
178
178
97
179
177
175
137
180
171
94
153
159
126
67
169
166
101
179
178
154
140
174
176
129
125
180
173
180
9
173
181
175
65
172
181
155
152
176
172
174
91
123
182
156
162
171
179
183
85
38
178
183
167
175
41
179
184
177
185
186
128
184
181
182
139
184
184
181
167
123
187
176
16
161
177
177
87
173
182
186
187
173
180
179
183
93
170
159
36
188
185
32
185
175
103
181
188
149
184
185
143
19
186
128
176
5
188
61
175
183
189
186
180
163
189
182
10
165
187
163
2
190
172
187
186
185
78
129
181
191
150
192
106
161
189
188
188
166
177
184
157
191
174
190
192
141
108
193
194
190
151
191
86
159
167
175
183
188
180
182
194
191
70
193
186
99
189
158
190
159
187
79
104
190
194
82
164
195
120
161
194
196
66
192
185
191
196
146
193
197
118
196
70
196
138
195
17
197
198
189
178
198
179
197
199
191
200
178
182
199
187
179
170
198
200
99
145
201
200
110
199
53
197
64
181
202
189
165
193
143
192
196
148
197
162
192
200
186
90
202
187
195
166
193
158
200
199
201
203
200
197
196
73
185
51
157
202
111
188
116
175
10
198
204
114
195
168
198
204
194
178
198
176
205
190
201
195
203
115
191
34
206
178
31
202
204
207
205
170
204
177
84
208
208
194
194
201
146
171
208
205
190
190
206
207
46
205
183
209
210
203
206
192
24
200
207
209
208
210
15
136
211
209
176
154
179
166
183
203
205
46
15
203
75
194
207
211
210
208
212
201
209
179
213
211
206
154
199
213
214
181
205
201
168
212
200
210
215
212
151
216
211
187
96
213
210
167
137
202
217
163
207
117
215
27
40
211
212
214
169
209
31
207
218
199
172
190
215
12
6
206
214
165
208
192
196
213
216
216
212
149
191
207
219
218
220
215
152
196
214
221
102
217
58
217
89
222
201
195
37
197
144
220
11
182
218
202
219
223
215
219
220
195
128
171
214
223
224
158
217
202
166
199
221
220
198
216
221
213
82
122
97
216
189
117
212
221
210
221
218
209
199
123
191
173
178
164
136
143
119
204
141
203
219
186
1
225
29
225
222
214
222
192
193
223
226
218
142
135
224
129
227
226
228
148
229
224
217
226
223
224
204
227
132
229
180
225
219
126
22
217
4
221
88
144
57
228
139
192
224
207
205
154
223
230
225
217
222
227
181
228
201
109
206
223
226
184
226
212
226
103
130
52
155
222
230
12
49
141
231
227
208
220
174
231
225
232
225
230
209
231
222
223
231
221
100
232
233
112
234
211
233
95
234
234
229
182
219
180
229
126
233
224
198
176
229
235
204
235
228
163
233
187
164
236
236
69
237
117
220
227
227
195
234
232
215
230
237
170
68
182
216
226
193
203
188
233
238
237
178
216
189
119
228
231
38
235
227
228
228
160
232
174
135
224
239
197
214
182
160
238
218
218
35
230
142
215
84
238
239
226
238
151
240
233
236
46
236
237
232
240
241
242
232
234
222
152
241
243
14
244
240
200
113
237
241
185
156
17
234
53
242
206
242
232
239
164
219
45
172
242
62
46
212
136
171
245
240
211
244
107
216
229
161
243
245
235
245
188
236
235
238
213
38
201
168
246
246
172
190
236
243
202
206
241
244
207
247
248
162
249
237
1
241
212
239
246
239
249
230
192
243
204
77
245
244
239
248
235
190
250
245
242
250
246
248
240
231
245
210
183
56
218
247
235
4
210
220
214
240
193
251
174
120
251
251
248
202
249
240
224
252
222
243
221
191
247
241
246
251
243
253
250
244
247
166
225
196
236
252
238
229
127
248
253
156
241
208
254
211
163
254
254
101
252
216
249
208
229
255
206
249
253
232
252
146
256
168
44
249
223
219
133
255
160
25
253
205
255
254
256
156
252
257
258
244
226
185
257
259
259
34
256
254
260
130
258
260
231
257
256
234
242
228
261
250
255
233
260
91
248
247
261
134
258
256
169
262
258
259
249
236
242
257
261
261
261
142
262
247
262
118
263
82
51
224
258
253
260
254
264
264
157
250
247
131
179
265
205
177
39
260
212
124
198
261
259
246
263
266
196
94
166
231
0
265
235
10
267
223
255
259
228
265
150
239
263
266
262
22
267
243
213
264
244
267
251
67
211
251
268
237
257
252
16
268
122
262
30
180
248
256
255
215
265
259
150
94
25
152
255
269
260
264
270
266
264
76
101
223
270
242
246
189
261
137
184
269
155
91
120
268
73
271
246
271
272
271
272
213
266
255
251
186
147
260
170
269
194
260
273
115
250
265
263
125
263
242
240
253
76
270
273
267
268
274
16
273
272
39
275
260
276
274
268
256
202
264
274
276
124
162
207
237
270
267
263
269
80
26
195
95
51
262
245
227
274
266
70
269
273
263
275
258
257
276
250
211
2
197
195
267
21
264
269
274
277
252
57
271
204
275
269
275
278
247
278
182
277
275
33
254
278
270
277
276
266
165
224
265
279
259
277
280
169
281
219
186
209
225
280
254
83
262
278
224
280
185
174
215
272
281
79
202
237
272
273
273
274
268
268
209
278
272
256
276
268
262
281
270
279
280
282
279
283
268
233
282
92
277
284
161
281
121
282
283
279
275
268
115
223
284
29
281
285
244
282
286
265
64
265
217
284
286
250
108
280
280
147
286
193
284
262
267
280
187
282
263
252
287
285
57
245
269
253
243
146
278
288
283
284
85
287
283
230
289
142
285
175
289
128
238
271
287
290
289
271
286
241
276
265
238
204
290
214
284
277
264
279
246
287
287
290
95
285
238
288
290
285
289
290
291
289
66
291
230
264
292
89
286
264
293
248
288
292
271
184
273
111
294
251
236
278
295
282
259
296
230
276
281
283
265
220
273
227
50
187
261
281
295
285
242
294
253
291
293
285
233
290
283
249
189
136
293
296
283
294
284
293
132
234
169
14
241
292
294
259
291
297
287
280
297
54
292
294
298
234
291
299
272
248
253
298
298
180
295
288
257
299
300
286
297
296
288
299
241
286
138
295
292
133
293
294
208
291
295
249
231
297
281
289
298
230
301
288
302
302
173
301
300
297
302
225
301
279
134
258
199
300
229
302
172
303
296
303
85
294
293
301
289
304
270
279
292
290
285
266
296
299
165
303
287
299
304
305
217
303
215
149
229
297
305
300
213
306
216
306
227
295
274
304
304
269
306
245
23
198
153
299
294
139
302
301
307
301
298
293
307
283
277
261
296
292
307
274
88
308
136
305
305
237
309
310
306
288
298
302
308
266
305
303
106
308
303
209
214
309
275
247
310
294
311
193
309
309
311
63
302
308
304
308
267
271
176
274
297
307
303
173
312
289
303
131
311
313
295
184
300
285
270
302
201
224
269
252
306
306
312
149
278
310
314
312
307
244
221
312
298
313
313
300
297
312
285
314
231
67
314
275
315
316
113
240
316
247
124
287
317
78
315
311
286
307
277
298
310
304
282
314
317
315
141
165
305
256
295
276
318
37
317
306
316
317
261
137
311
161
318
203
316
75
311
304
299
220
318
130
319
300
299
316
320
260
311
309
310
301
313
319
305
279
133
309
318
301
132
235
312
319
264
189
284
221
314
311
321
314
320
198
262
156
317
322
314
308
316
316
323
263
307
319
320
322
321
72
323
317
306
263
292
320
322
236
322
324
310
206
321
323
325
322
285
313
322
10
250
122
317
320
319
315
306
308
326
321
319
323
176
325
326
324
271
327
324
219
327
197
325
313
328
78
232
296
318
326
309
325
313
131
326
315
327
328
329
244
329
330
257
324
319
328
279
329
330
325
331
323
328
332
331
329
153
324
329
251
320
332
328
321
326
305
328
257
332
0
333
241
304
325
331
258
223
330
322
331
329
327
333
186
323
312
272
214
267
330
255
255
333
334
334
315
335
333
333
184
336
324
334
331
242
248
335
321
336
337
338
324
319
335
336
337
238
186
339
275
231
324
314
334
334
332
332
338
338
331
340
280
217
340
339
340
239
300
92
339
341
71
337
297
341
253
258
337
323
239
312
123
339
83
335
284
282
318
341
310
342
325
263
341
341
160
342
343
335
321
342
65
326
316
343
337
62
344
336
338
340
303
333
344
269
134
345
218
343
122
344
340
291
346
243
345
342
346
346
290
327
190
283
345
317
131
12
343
293
324
346
337
346
222
347
36
347
348
310
336
345
344
344
325
330
340
218
347
175
349
327
339
252
350
170
347
328
348
327
267
141
348
349
305
351
339
348
348
342
352
350
348
350
353
332
232
178
257
335
318
343
349
332
351
333
328
222
330
352
353
327
354
355
346
271
326
340
263
336
349
140
341
337
352
159
354
287
154
254
347
354
279
355
353
340
341
13
209
245
356
81
338
351
356
326
345
352
357
338
316
273
220
344
349
357
320
358
350
342
353
357
277
357
359
7
291
357
356
351
329
342
336
356
358
338
359
205
339
133
360
360
215
348
343
127
243
354
60
358
356
310
361
48
360
286
352
204
345
350
306
290
251
355
360
355
135
358
361
362
353
344
304
363
354
363
134
359
364
364
363
347
98
361
357
360
121
18
351
315
334
311
97
362
279
292
364
365
360
335
60
215
272
365
362
105
366
344
14
313
358
364
351
327
365
350
342
367
345
351
320
335
253
66
340
42
349
290
366
191
368
361
359
171
359
348
361
359
333
309
350
369
362
321
352
353
370
367
331
354
129
363
366
367
347
369
367
339
371
53
352
368
365
362
358
355
370
43
369
362
341
364
363
301
368
365
25
354
334
372
7
371
266
366
331
125
197
372
368
368
372
371
346
321
240
360
373
322
302
237
374
373
370
320
96
374
359
337
357
363
372
309
374
339
371
375
288
341
291
375
238
361
376
246
318
307
366
374
376
345
167
377
378
377
379
131
361
182
319
373
137
347
254
370
380
200
359
365
373
368
375
369
379
346
288
312
380
373
318
377
364
376
145
378
346
49
378
381
364
370
356
330
188
372
379
381
367
375
293
339
268
222
349
210
273
279
199
381
121
379
375
382
336
38
315
376
366
364
295
367
377
377
372
332
268
368
78
371
383
75
382
358
376
382
375
210
379
374
247
341
383
369
384
106
295
383
307
379
343
309
362
380
149
385
109
348
317
106
381
65
386
323
382
383
109
387
386
378
343
380
374
387
183
140
373
243
385
365
210
385
307
384
370
356
301
257
382
355
350
387
385
376
355
225
342
371
388
120
387
353
335
3
385
355
378
388
260
369
236
365
182
257
219
309
351
328
386
290
384
380
328
388
161
389
384
389
390
366
349
23
367
116
298
358
117
169
259
388
391
392
361
378
361
227
386
389
388
159
374
384
330
296
391
5
371
352
26
392
390
308
387
384
393
264
390
383
393
367
283
66
389
348
391
392
107
368
235
305
255
206
390
370
53
323
193
381
28
179
319
384
394
395
276
395
2
396
383
389
381
394
125
395
391
369
386
388
392
394
303
146
380
372
397
393
150
385
378
270
362
397
392
325
398
393
270
397
394
399
375
64
396
280
381
286
181
400
393
148
395
375
398
399
399
289
396
400
396
393
397
396
386
391
393
401
363
328
398
399
402
395
390
398
357
377
396
127
401
309
385
282
402
59
363
392
401
249
369
397
401
256
395
331
403
352
297
376
233
400
323
239
404
402
394
403
19
399
344
193
405
343
402
406
387
362
268
402
374
366
328
404
36
25
403
404
400
405
406
331
390
289
407
408
405
401
409
353
313
283
392
406
364
405
403
399
407
408
324
399
371
382
405
409
400
406
404
398
404
394
359
366
367
397
371
408
101
300
59
395
408
148
391
401
333
353
410
411
226
407
410
394
394
410
336
411
411
249
404
409
410
412
412
413
357
387
401
371
385
164
372
118
405
408
403
414
281
398
415
413
288
415
404
198
369
400
415
414
354
269
412
188
300
407
383
360
416
321
413
409
411
377
384
3
403
392
298
413
338
377
374
381
417
152
346
389
394
417
406
412
418
416
416
329
410
391
409
416
317
412
329
207
418
411
407
389
389
299
366
241
304
203
316
414
419
308
415
379
377
417
8
369
420
419
420
420
410
410
69
258
389
378
258
204
242
420
370
415
418
416
382
401
421
414
394
419
422
396
400
275
421
384
418
201
417
209
407
423
62
334
419
363
292
423
390
293
414
413
421
424
8
424
419
226
408
123
120
9
412
359
423
418
416
403
422
360
422
367
405
424
425
424
421
426
427
380
425
422
427
409
383
419
414
426
427
427
173
397
428
19
413
400
268
407
386
415
426
421
420
429
425
430
315
398
195
426
427
373
299
402
417
428
21
417
411
234
429
373
396
202
418
431
104
338
347
380
356
189
432
335
430
414
425
425
431
151
413
349
399
336
380
287
277
429
426
428
192
349
406
423
385
305
432
379
318
334
432
203
429
433
360
399
430
407
409
431
428
411
55
415
432
434
220
406
434
433
414
32
346
435
131
312
434
259
436
413
436
390
295
433
42
437
55
434
437
150
167
435
424
387
395
403
420
271
266
438
276
350
185
432
370
63
438
388
299
281
131
439
432
225
166
426
108
428
438
430
436
439
390
408
436
435
430
440
440
433
424
437
402
313
45
417
431
428
439
369
421
437
214
441
360
441
376
326
434
359
437
425
274
228
442
352
345
358
439
435
431
412
433
440
393
278
435
442
438
441
436
443
444
443
423
443
325
436
405
418
445
444
432
218
298
3
342
388
446
444
445
435
442
443
100
49
275
421
422
266
447
445
446
429
448
446
364
180
377
427
447
449
406
189
394
433
440
442
447
252
402
449
412
431
415
447
426
438
41
402
395
12
423
422
425
363
196
450
438
448
438
132
391
152
420
442
450
448
442
445
440
410
448
415
330
447
434
442
338
119
419
270
435
449
408
414
451
411
444
420
452
168
344
444
314
431
382
445
453
300
453
448
108
450
454
444
235
396
81
445
220
443
333
447
379
451
262
454
444
419
332
453
455
451
441
422
421
423
330
446
427
444
397
439
448
455
454
341
416
450
453
451
404
203
382
449
439
445
334
449
452
452
452
455
112
437
452
234
440
428
456
282
457
458
408
439
313
450
387
457
454
9
398
455
177
314
413
456
446
440
289
451
413
453
373
144
48
456
454
320
456
419
449
441
459
460
400
458
62
455
84
461
458
462
285
459
26
354
456
417
149
430
460
399
365
461
401
439
373
431
463
291
464
457
459
456
426
457
375
454
441
430
444
368
457
453
338
158
458
175
459
464
443
278
452
455
463
460
462
294
455
194
463
412
41
434
465
306
213
457
114
446
456
464
466
312
354
460
465
467
197
450
423
466
460
462
457
451
467
420
162
448
462
458
398
240
460
261
461
454
463
364
337
461
356
468
457
461
468
468
383
409
409
424
459
339
163
468
469
327
469
465
462
433
435
461
470
460
467
465
464
21
450
469
466
243
463
469
253
91
466
429
436
378
373
356
471
217
429
411
441
454
471
466
470
470
452
459
469
425
471
469
349
472
472
30
465
470
368
125
42
473
89
470
472
443
468
473
453
249
451
474
475
475
391
474
467
357
380
474
471
447
256
473
476
476
476
232
473
464
475
464
470
476
467
477
453
451
477
212
471
478
0
246
479
477
325
479
476
368
386
462
474
478
446
240
478
465
480
458
449
335
350
434
468
447
480
416
462
475
461
448
355
10
288
83
479
480
310
474
333
272
481
477
386
445
472
232
475
477
482
143
480
483
465
464
456
482
324
481
483
276
450
484
418
479
228
456
479
427
485
437
372
337
450
406
472
205
475
355
485
476
427
480
481
473
407
479
436
